MY_ACCOUNT_ID = 0.0.4290718
MY_PRIVATE_KEY = 0x80cc07af68e5dd48c4013362b7f386fdefdb130b1e59d13bc7c60be26e28036f

NEW_ACCOUNT_ID1=0.0.10570864
NEW_PRIVATE_KEY1=302e020100300506032b6570042204200bd25821dd07e9d2f9a35fe987cccedc2015636d05ef9340f1027a27398fcd19

NEW_ACCOUNT_ID2=0.0.10570865
NEW_PRIVATE_KEY2=302e020100300506032b657004220420d0a8654cbb7767694ee51738a155873bf006db01c938e4a4efa8956daa4b24de

NEW_ACCOUNT_ID3=0.0.10570866
NEW_PRIVATE_KEY3=302e020100300506032b657004220420bc79b0ec35c7ecca3d2151accb44095f0c79ce0bfeb2469e965c2f9176e85eae

NEW_ACCOUNT_ID4=0.0.10570867
NEW_PRIVATE_KEY4=302e020100300506032b657004220420c88c60422cdd2d8022d62670eec8a71007344e6f364dfab66172c3f751566227

NEW_ACCOUNT_ID5=0.0.10570869
NEW_PRIVATE_KEY5=302e020100300506032b657004220420b6183f1b73941713c39ff7653412561a895d49daf2ef6a19853e25738fd4d1cc

NFT_ID=0.0.4626076
TOKEN_PAUSE_KEY=302e020100300506032b6570042204203a3e6bbd8cfa3ca2940025e251d7f3c28beed3172e3331735c9995a7a9034f90
SCHEDULE_ID=0.0.4641773
TOPIC_ID=0.0.10571803
SMART_CONTRACT_ID=0.0.10569490